0.0 1.0 0.25 1.0 1.0 1.0 1.0 0.8125 1.0 0.625 0.8125 0.625 1.0 0.8055555555555556 
1.0 0.0 1.0 0.0625 0.675 0.675 0.555625 1.0 0.555625 1.0 1.0 1.0 0.675 1.0 
0.25 1.0 0.0 1.0 1.0 1.0 1.0 0.75 1.0 0.8125 0.75 0.8125 1.0 0.8055555555555556 
1.0 0.0625 1.0 0.0 0.675 0.675 0.555625 1.0 0.555625 1.0 1.0 1.0 0.675 1.0 
1.0 0.675 1.0 0.675 0.0 0.0 0.35624999999999996 1.0 0.35624999999999996 1.0 1.0 1.0 0.30000000000000004 1.0 
1.0 0.675 1.0 0.675 0.0 0.0 0.35624999999999996 1.0 0.35624999999999996 1.0 1.0 1.0 0.30000000000000004 1.0 
1.0 0.555625 1.0 0.555625 0.35624999999999996 0.35624999999999996 0.0 1.0 0.25 1.0 0.75 0.75 0.5875 1.0 
0.8125 1.0 0.75 1.0 1.0 1.0 1.0 0.0 0.75 0.25 0.25 0.5 1.0 1.0 
1.0 0.555625 1.0 0.555625 0.35624999999999996 0.35624999999999996 0.25 0.75 0.0 0.75 1.0 1.0 0.5875 1.0 
0.625 1.0 0.8125 1.0 1.0 1.0 1.0 0.25 0.75 0.0 0.5 0.25 1.0 1.0 
0.8125 1.0 0.75 1.0 1.0 1.0 0.75 0.25 1.0 0.5 0.0 0.25 1.0 1.0 
0.625 1.0 0.8125 1.0 1.0 1.0 0.75 0.5 1.0 0.25 0.25 0.0 1.0 1.0 
1.0 0.675 1.0 0.675 0.30000000000000004 0.30000000000000004 0.5875 1.0 0.5875 1.0 1.0 1.0 0.0 1.0 
0.8055555555555556 1.0 0.8055555555555556 1.0 1.0 1.0 1.0 1.0 1.0 1.0 1.0 1.0 1.0 0.0 
