0.0 1.0 0.08333333333333337 1.0 1.0 1.0 1.0 0.9375 1.0 0.875 0.9375 0.875 1.0 0.41666666666666663 
1.0 0.0 1.0 0.1875 0.8916666666666666 0.8916666666666666 0.851875 1.0 0.851875 1.0 1.0 1.0 0.8916666666666666 1.0 
0.08333333333333337 1.0 0.0 1.0 1.0 1.0 1.0 0.9166666666666666 1.0 0.9375 0.9166666666666666 0.9375 1.0 0.41666666666666663 
1.0 0.1875 1.0 0.0 0.8916666666666666 0.8916666666666666 0.851875 1.0 0.851875 1.0 1.0 1.0 0.8916666666666666 1.0 
1.0 0.8916666666666666 1.0 0.8916666666666666 0.0 0.0 0.7854166666666667 1.0 0.7854166666666667 1.0 1.0 1.0 0.09999999999999998 1.0 
1.0 0.8916666666666666 1.0 0.8916666666666666 0.0 0.0 0.7854166666666667 1.0 0.7854166666666667 1.0 1.0 1.0 0.09999999999999998 1.0 
1.0 0.851875 1.0 0.851875 0.7854166666666667 0.7854166666666667 0.0 1.0 0.75 1.0 0.25 0.25 0.8625 1.0 
0.9375 1.0 0.9166666666666666 1.0 1.0 1.0 1.0 0.0 0.25 0.08333333333333337 0.75 0.8333333333333334 1.0 1.0 
1.0 0.851875 1.0 0.851875 0.7854166666666667 0.7854166666666667 0.75 0.25 0.0 0.25 1.0 1.0 0.8625 1.0 
0.875 1.0 0.9375 1.0 1.0 1.0 1.0 0.08333333333333337 0.25 0.0 0.8333333333333334 0.75 1.0 1.0 
0.9375 1.0 0.9166666666666666 1.0 1.0 1.0 0.25 0.75 1.0 0.8333333333333334 0.0 0.08333333333333337 1.0 1.0 
0.875 1.0 0.9375 1.0 1.0 1.0 0.25 0.8333333333333334 1.0 0.75 0.08333333333333337 0.0 1.0 1.0 
1.0 0.8916666666666666 1.0 0.8916666666666666 0.09999999999999998 0.09999999999999998 0.8625 1.0 0.8625 1.0 1.0 1.0 0.0 1.0 
0.41666666666666663 1.0 0.41666666666666663 1.0 1.0 1.0 1.0 1.0 1.0 1.0 1.0 1.0 1.0 0.0 
